380 0 0 0
381 0.3122083333333333 0 0.3175
382 0.3238333333333333 0 0.33499999999999996
383 0.334875 0 0.3525
384 0.3453333333333333 0 0.37
385 0.3552083333333333 0 0.38749999999999996
386 0.3645 0 0.40499999999999997
387 0.3732083333333333 0 0.4225
388 0.3813333333333333 0 0.43999999999999995
389 0.388875 0 0.4575
390 0.3958333333333333 0 0.475
391 0.4022083333333333 0 0.49249999999999994
392 0.40800000000000003 0 0.51
393 0.4132083333333333 0 0.5275
394 0.41783333333333333 0 0.5449999999999999
395 0.421875 0 0.5625
396 0.4253333333333333 0 0.58
397 0.4282083333333333 0 0.5974999999999999
398 0.4305 0 0.615
399 0.4322083333333333 0 0.6325
400 0.43333333333333324 0 0.6499999999999999
401 0.433875 0 0.6675
402 0.4338333333333333 0 0.6849999999999999
403 0.4332083333333333 0 0.7024999999999999
404 0.432 0 0.72
405 0.43020833333333336 0 0.7375
406 0.4278333333333333 0 0.7549999999999999
407 0.424875 0 0.7725
408 0.4213333333333333 0 0.7899999999999999
409 0.4172083333333333 0 0.8074999999999999
410 0.4125 0 0.825
411 0.40720833333333334 0 0.8425
412 0.40133333333333326 0 0.8599999999999999
413 0.394875 0 0.8775
414 0.38783333333333336 0 0.895
415 0.38020833333333337 0 0.9125000000000001
416 0.372 0 0.9299999999999999
417 0.36320833333333336 0 0.9475
418 0.3538333333333333 0 0.9649999999999999
419 0.34387499999999993 0 0.9824999999999999
420 0.3333333333333333 0 1
421 0.31666666666666665 0 1
422 0.3 0 1
423 0.2833333333333333 0 1
424 0.26666666666666666 0 1
425 0.25 0 1
426 0.23333333333333334 0 1
427 0.21666666666666667 0 1
428 0.2 0 1
429 0.18333333333333332 0 1
430 0.16666666666666666 0 1
431 0.15 0 1
432 0.13333333333333333 0 1
433 0.11666666666666667 0 1
434 0.1 0 1
435 0.08333333333333333 0 1
436 0.06666666666666667 0 1
437 0.05 0 1
438 0.03333333333333333 0 1
439 0.016666666666666666 0 1
440 0 0 1
441 0 0.02 1
442 0 0.04 1
443 0 0.06 1
444 0 0.08 1
445 0 0.1 1
446 0 0.12 1
447 0 0.14 1
448 0 0.16 1
449 0 0.18 1
450 0 0.2 1
451 0 0.22 1
452 0 0.24 1
453 0 0.26 1
454 0 0.28 1
455 0 0.3 1
456 0 0.32 1
457 0 0.34 1
458 0 0.36 1
459 0 0.38 1
460 0 0.4 1
461 0 0.42 1
462 0 0.44 1
463 0 0.46 1
464 0 0.48 1
465 0 0.5 1
466 0 0.52 1
467 0 0.54 1
468 0 0.56 1
469 0 0.58 1
470 0 0.6 1
471 0 0.62 1
472 0 0.64 1
473 0 0.66 1
474 0 0.68 1
475 0 0.7 1
476 0 0.72 1
477 0 0.74 1
478 0 0.76 1
479 0 0.78 1
480 0 0.8 1
481 0 0.82 1
482 0 0.84 1
483 0 0.86 1
484 0 0.88 1
485 0 0.9 1
486 0 0.92 1
487 0 0.94 1
488 0 0.96 1
489 0 0.98 1
490 0 1 1
491 0 1 0.95
492 0 1 0.9
493 0 1 0.85
494 0 1 0.8
495 0 1 0.75
496 0 1 0.7
497 0 1 0.65
498 0 1 0.6
499 0 1 0.55
500 0 1 0.5
501 0 1 0.45
502 0 1 0.4
503 0 1 0.35
504 0 1 0.3
505 0 1 0.25
506 0 1 0.2
507 0 1 0.15
508 0 1 0.1
509 0 1 0.05
510 0 1 0
511 0.014285714285714285 1 0
512 0.02857142857142857 1 0
513 0.04285714285714286 1 0
514 0.05714285714285714 1 0
515 0.07142857142857142 1 0
516 0.08571428571428572 1 0
517 0.1 1 0
518 0.11428571428571428 1 0
519 0.12857142857142856 1 0
520 0.14285714285714285 1 0
521 0.15714285714285714 1 0
522 0.17142857142857143 1 0
523 0.18571428571428572 1 0
524 0.2 1 0
525 0.21428571428571427 1 0
526 0.22857142857142856 1 0
527 0.24285714285714285 1 0
528 0.2571428571428571 1 0
529 0.2714285714285714 1 0
530 0.2857142857142857 1 0
531 0.3 1 0
532 0.3142857142857143 1 0
533 0.32857142857142857 1 0
534 0.34285714285714286 1 0
535 0.35714285714285715 1 0
536 0.37142857142857144 1 0
537 0.38571428571428573 1 0
538 0.4 1 0
539 0.4142857142857143 1 0
540 0.42857142857142855 1 0
541 0.44285714285714284 1 0
542 0.45714285714285713 1 0
543 0.4714285714285714 1 0
544 0.4857142857142857 1 0
545 0.5 1 0
546 0.5142857142857142 1 0
547 0.5285714285714286 1 0
548 0.5428571428571428 1 0
549 0.5571428571428572 1 0
550 0.5714285714285714 1 0
551 0.5857142857142857 1 0
552 0.6 1 0
553 0.6142857142857143 1 0
554 0.6285714285714286 1 0
555 0.6428571428571429 1 0
556 0.6571428571428571 1 0
557 0.6714285714285714 1 0
558 0.6857142857142857 1 0
559 0.7 1 0
560 0.7142857142857143 1 0
561 0.7285714285714285 1 0
562 0.7428571428571429 1 0
563 0.7571428571428571 1 0
564 0.7714285714285715 1 0
565 0.7857142857142857 1 0
566 0.8 1 0
567 0.8142857142857143 1 0
568 0.8285714285714286 1 0
569 0.8428571428571429 1 0
570 0.8571428571428571 1 0
571 0.8714285714285714 1 0
572 0.8857142857142857 1 0
573 0.9 1 0
574 0.9142857142857143 1 0
575 0.9285714285714286 1 0
576 0.9428571428571428 1 0
577 0.9571428571428572 1 0
578 0.9714285714285714 1 0
579 0.9857142857142858 1 0
580 1 1 0
581 1 0.9846153846153847 0
582 1 0.9692307692307692 0
583 1 0.9538461538461539 0
584 1 0.9384615384615385 0
585 1 0.9230769230769231 0
586 1 0.9076923076923077 0
587 1 0.8923076923076924 0
588 1 0.8769230769230769 0
589 1 0.8615384615384616 0
590 1 0.8461538461538461 0
591 1 0.8307692307692308 0
592 1 0.8153846153846154 0
593 1 0.8 0
594 1 0.7846153846153846 0
595 1 0.7692307692307693 0
596 1 0.7538461538461538 0
597 1 0.7384615384615385 0
598 1 0.7230769230769231 0
599 1 0.7076923076923077 0
600 1 0.6923076923076923 0
601 1 0.676923076923077 0
602 1 0.6615384615384615 0
603 1 0.6461538461538462 0
604 1 0.6307692307692307 0
605 1 0.6153846153846154 0
606 1 0.6 0
607 1 0.5846153846153846 0
608 1 0.5692307692307692 0
609 1 0.5538461538461539 0
610 1 0.5384615384615384 0
611 1 0.5230769230769231 0
612 1 0.5076923076923077 0
613 1 0.49230769230769234 0
614 1 0.47692307692307695 0
615 1 0.46153846153846156 0
616 1 0.4461538461538462 0
617 1 0.4307692307692308 0
618 1 0.4153846153846154 0
619 1 0.4 0
620 1 0.38461538461538464 0
621 1 0.36923076923076925 0
622 1 0.35384615384615387 0
623 1 0.3384615384615385 0
624 1 0.3230769230769231 0
625 1 0.3076923076923077 0
626 1 0.2923076923076923 0
627 1 0.27692307692307694 0
628 1 0.26153846153846155 0
629 1 0.24615384615384617 0
630 1 0.23076923076923078 0
631 1 0.2153846153846154 0
632 1 0.2 0
633 1 0.18461538461538463 0
634 1 0.16923076923076924 0
635 1 0.15384615384615385 0
636 1 0.13846153846153847 0
637 1 0.12307692307692308 0
638 1 0.1076923076923077 0
639 1 0.09230769230769231 0
640 1 0.07692307692307693 0
641 1 0.06153846153846154 0
642 1 0.046153846153846156 0
643 1 0.03076923076923077 0
644 1 0.015384615384615385 0
645 1 0 0
646 1 0 0
647 1 0 0
648 1 0 0
649 1 0 0
650 1 0 0
651 1 0 0
652 1 0 0
653 1 0 0
654 1 0 0
655 1 0 0
656 1 0 0
657 1 0 0
658 1 0 0
659 1 0 0
660 1 0 0
661 1 0 0
662 1 0 0
663 1 0 0
664 1 0 0
665 1 0 0
666 1 0 0
667 1 0 0
668 1 0 0
669 1 0 0
670 1 0 0
671 1 0 0
672 1 0 0
673 1 0 0
674 1 0 0
675 1 0 0
676 1 0 0
677 1 0 0
678 1 0 0
679 1 0 0
680 1 0 0
681 1 0 0
682 1 0 0
683 1 0 0
684 1 0 0
685 1 0 0
686 1 0 0
687 1 0 0
688 1 0 0
689 1 0 0
690 1 0 0
691 1 0 0
692 1 0 0
693 1 0 0
694 1 0 0
695 1 0 0
696 1 0 0
697 1 0 0
698 1 0 0
699 1 0 0
700 1 0 0
701 0.99125 0 0
702 0.9824999999999999 0 0
703 0.9737499999999999 0 0
704 0.9649999999999999 0 0
705 0.95625 0 0
706 0.9475 0 0
707 0.93875 0 0
708 0.9299999999999999 0 0
709 0.9212499999999999 0 0
710 0.9125000000000001 0 0
711 0.90375 0 0
712 0.895 0 0
713 0.88625 0 0
714 0.8775 0 0
715 0.8687499999999999 0 0
716 0.8599999999999999 0 0
717 0.8512499999999998 0 0
718 0.8425 0 0
719 0.83375 0 0
720 0.825 0 0
721 0.8162499999999999 0 0
722 0.8074999999999999 0 0
723 0.79875 0 0
724 0.7899999999999999 0 0
725 0.78125 0 0
726 0.7725 0 0
727 0.7637499999999999 0 0
728 0.7549999999999999 0 0
729 0.7462499999999999 0 0
730 0.7375 0 0
731 0.72875 0 0
732 0.72 0 0
733 0.7112499999999999 0 0
734 0.7024999999999999 0 0
735 0.6937499999999999 0 0
736 0.6849999999999999 0 0
737 0.67625 0 0
738 0.6675 0 0
739 0.65875 0 0
740 0.6499999999999999 0 0
741 0.6412499999999999 0 0
742 0.6325 0 0
743 0.62375 0 0
744 0.615 0 0
745 0.60625 0 0
746 0.5974999999999999 0 0
747 0.5887499999999999 0 0
748 0.58 0 0
749 0.57125 0 0
750 0.5625 0 0
751 0.55375 0 0
752 0.5449999999999999 0 0
753 0.53625 0 0
754 0.5275 0 0
755 0.51875 0 0
756 0.51 0 0
757 0.50125 0 0
758 0.49249999999999994 0 0
759 0.48375 0 0
760 0.475 0 0
761 0.46624999999999994 0 0
762 0.4575 0 0
763 0.44875 0 0
764 0.43999999999999995 0 0
765 0.43125 0 0
766 0.4225 0 0
767 0.41374999999999995 0 0
768 0.40499999999999997 0 0
769 0.39625 0 0
770 0.38749999999999996 0 0
771 0.37875 0 0
772 0.37 0 0
773 0.36124999999999996 0 0
774 0.3525 0 0
775 0.34375 0 0
776 0.33499999999999996 0 0
777 0.32625 0 0
778 0.3175 0 0
779 0.30874999999999997 0 0
780 0.3 0 0
781 0 0 0